16 78 886 4289383
93 87 8335 7747793
28 63 1421 6516649
27 64 59 3368690
37 73 3426 5180540
30 68 5368 5005211
24 63 1530 6465782
3 30 3135 5174067
68 70 3058 5634022
43 12 8456 9961393
20 22 7373 1176229
25 99 8537 8413784
27 14 4370 9798315
74 57 8980 2776091
82 97 9170 7806862
28 85 925 1702305
30 47 6505 2660336
96 25 5857 661313
68 15 545 9819582
51 44 364 515434
79 77 6808 7171087
52 4 3584 695788
61 33 2399 2392754
13 40 3368 1549676
40 95 8586 5636226
79 35 570 6140795
3 98 6601 7097467
57 53 492 573317
42 87 280 9997301
20 45 9689 4953865
18 32 4729 1558440
76 82 5771 4738097
57 68 8927 120709
66 87 2353 5179497
25 20 4683 9455306
30 33 2871 51528
69 71 19 8409503
50 41 6715 9959708
46 19 723 747796
56 22 3451 122846
29 65 7488 1192379
1 94 2350 7469841
15 25 7764 2757034
92 44 5856 8936987
37 60 8365 322227
29 38 2551 1151432
22 75 5407 6153275
38 30 4395 3468858
29 19 3793 5908235
30 29 1011 9366143
64 44 2404 3318776
41 7 4538 2114613
89 29 4818 9002904
97 18 7917 1797369
84 71 7743 6043324
26 73 5499 298490
40 6 5590 1385644
83 70 9786 2502954
8 98 8464 2308542
12 49 8804 759355
44 100 7828 573622
23 41 5568 9195746
2 6 3810 9023311
6 79 3730 5425661
27 45 8736 9229320
17 9 3465 7648522
38 25 3258 3408282
37 1 5624 3442062
51 80 1899 8433452
32 74 71 5947468
95 34 4930 3903881
82 100 163 4158660
74 60 2996 2548899
96 91 9668 4272813
41 85 6466 952926
43 77 7684 8422090
57 46 9107 9755936
13 88 8418 6669179
10 60 2172 5103348
88 43 5210 2402336
73 14 9301 9878206
100 20 1255 575321
12 40 9904 7517721
29 6 5667 7073940
59 85 9150 6811127
70 23 9224 4763920
85 31 4081 821396
51 73 1972 7679292
100 23 5385 4647625
14 99 6042 6306640
91 25 6190 7352298
37 20 8581 4688209
5 95 1155 4937732
77 74 4769 2160379
43 61 7255 668850
6 94 5884 5575579
14 5 9567 2867621
60 27 2754 3801961
7 3 8202 7518944
69 43 2021 2936784
